005238
000912
000204
006074
002253
002006
001828
001143
006033
000839
005543
006067
007308
004467
000712
004837
003456
000260
000244
000767
001791
001905
004139
004931
000217
004597
001628
005865
005323
005745
004464
003436
001805
003679
004827
002278
006630
007121
000053
006216
006601
001307
005719
003462
002787
002276
001273
001763
006254
002757
000837
000759
003112
000792
002940
006942
002817
004945
002166
006611
000355
005977
003763
004392
001022
003100
000645
004522
002401
006794
005149
005066
007253
007059
002962
004729
001575
005771
000569
000375
005417
001866
006332
002370
000653
007006
001907
007098
000827
003113
002277
003714
005207
006833
002988
001332
003032
002910
001716
005490
002187
005749
005599
005308
000584
004990
005201
001401
004375
005973
002005
001338
003786
003108
002211
005242
005637
004562
001799
005608
002656
006904
006294
006356
000458
001876
006732
000262
006594
002584
003286
002193
000542
001728
007480
004646
007179
005881
002577
001741
005369
004089
003241
007247
005266
003758
001170
002169
002020
